[[0.014145663, 0.0162488551, 0.1240544116, 0.4870585841, 0.120492554, 0.1773805082, 0.060619424], [0.0120893561, 0.0155059133, 0.1032851511, 0.4922470434, 0.1269382392, 0.2031537451, 0.0467805519], [0.017922015, 0.0228465327, 0.1311051909, 0.494025995, 0.1389359813, 0.1415193348, 0.0536449504], [0.0093121057, 0.0204265545, 0.1685190748, 0.3316311205, 0.1021327726, 0.3244217483, 0.0435566236], [0.0138792505, 0.021165857, 0.1096460791, 0.4937543373, 0.159611381, 0.1148507981, 0.087092297], [0.0, 0.0285714286, 0.4571428571, 0.2628571429, 0.0628571429, 0.1542857143, 0.0342857143], [0.0197477992, 0.0279562217, 0.1544135142, 0.4753747323, 0.107780157, 0.1719010231, 0.0428265525], [0.0159722222, 0.0188492063, 0.1098214286, 0.5043650794, 0.1443452381, 0.1505952381, 0.0560515873], [0.0117647059, 0.0235294118, 0.1647058824, 0.5647058824, 0.1529411765, 0.0588235294, 0.0235294118], [0.016088815, 0.0179886013, 0.1312633579, 0.5126454524, 0.1109000237, 0.1664094039, 0.0447043458], [0.0144173008, 0.0156187425, 0.1321585903, 0.5178213857, 0.1085302363, 0.1421706047, 0.0692831398], [0.0065986803, 0.025194961, 0.1559688062, 0.4445110978, 0.073785243, 0.25014997, 0.0437912418], [0.011342155, 0.0293005671, 0.2051039698, 0.347826087, 0.1058601134, 0.2258979206, 0.0746691871], [0.0138581465, 0.0231931479, 0.1052834183, 0.3747473775, 0.1210181888, 0.3247040708, 0.0371956501], [0.022097728, 0.0311235605, 0.1288515406, 0.4279489574, 0.1266728914, 0.1920323685, 0.0712729536], [0.0253502335, 0.0244607516, 0.1343117634, 0.4385145653, 0.1140760507, 0.1723371136, 0.0909495219], [0.0181226766, 0.0209107807, 0.1542750929, 0.3206319703, 0.1445167286, 0.0055762082, 0.3359665428], [0.0126556017, 0.0248962656, 0.1008298755, 0.3641078838, 0.122406639, 0.3618257261, 0.0132780083], [0.0148367953, 0.0267062315, 0.1849653808, 0.3788328388, 0.1068249258, 0.0009891197, 0.2868447082], [0.0225291893, 0.0309159678, 0.1771090281, 0.4083209998, 0.1124814998, 0.1424107877, 0.1062325275], [0.0100502513, 0.0201005025, 0.0854271357, 0.3819095477, 0.1507537688, 0.1959798995, 0.1557788945], [0.0329076621, 0.0392927308, 0.166502947, 0.4582514735, 0.1350687623, 0.0648330059, 0.1031434185], [0.0084566596, 0.021141649, 0.0739957717, 0.378435518, 0.11205074, 0.3911205074, 0.0147991543], [0.0113835377, 0.0385288967, 0.1094570928, 0.4001751313, 0.1637478109, 0.2451838879, 0.0315236427], [0.0209580838, 0.0106453759, 0.126746507, 0.5133067199, 0.1460412508, 0.1114437791, 0.0708582834], [0.010589448, 0.0204292006, 0.0929622341, 0.3783150595, 0.1706494237, 0.2421516259, 0.0849030082], [0.0144927536, 0.0298380222, 0.136402387, 0.4441602728, 0.1568627451, 0.1295822677, 0.0886615516], [0.0084745763, 0.0324858757, 0.1440677966, 0.4265536723, 0.145480226, 0.1129943503, 0.1299435028], [0.0032187024, 0.0396408606, 0.1146874471, 0.4294426563, 0.1428087413, 0.1880399797, 0.0821616127], [0.0225729492, 0.0231235089, 0.1301156175, 0.558267572, 0.1677371995, 0.0781794825, 0.0200036704], [0.0206346841, 0.0210816448, 0.1427294398, 0.5639153754, 0.1757300358, 0.0446215733, 0.0312872467], [0.0027770064, 0.02610386, 0.1427381283, 0.4362677034, 0.0827547903, 0.2846431547, 0.0247153568], [0.0044785669, 0.0195137556, 0.1378758797, 0.4955214331, 0.053103007, 0.1839411388, 0.1055662188], [0.0075798592, 0.0238224147, 0.1927449919, 0.5760693016, 0.0638873849, 0.0871683812, 0.0487276665], [0.0139237781, 0.0286370487, 0.1294050097, 0.476494653, 0.0913658221, 0.1990239001, 0.0611497883], [0.0137195122, 0.0391260163, 0.1488821138, 0.531504065, 0.0701219512, 0.1067073171, 0.0899390244], [0.0129427793, 0.030653951, 0.1328337875, 0.5524523161, 0.0967302452, 0.0769754768, 0.0974114441], [0.0095858896, 0.0279907975, 0.1330521472, 0.4835122699, 0.120398773, 0.157208589, 0.0682515337], [0.0024012807, 0.1283351121, 0.2417289221, 0.2713447172, 0.0464247599, 0.2529348986, 0.0568303095], [0.0057971014, 0.0956521739, 0.2260869565, 0.2927536232, 0.0565217391, 0.3, 0.0231884058], [0.0176067523, 0.0162000272, 0.1226119708, 0.5850161093, 0.0611244725, 0.1292825702, 0.0681580977], [0.0122788762, 0.0122788762, 0.1001040583, 0.5904266389, 0.0595213319, 0.1966701353, 0.0287200832], [0.0071022727, 0.0731534091, 0.2102272727, 0.3117897727, 0.1512784091, 0.1555397727, 0.0909090909], [0.0131147541, 0.0341920375, 0.1807962529, 0.5096018735, 0.0716627635, 0.1016393443, 0.0889929742], [0.0120183301, 0.0258812001, 0.1335850362, 0.4874484826, 0.0797763495, 0.2005648903, 0.0607257112], [0.0153110048, 0.0267942584, 0.1588516746, 0.5272727273, 0.0870813397, 0.0181818182, 0.166507177], [0.0212765957, 0.0638297872, 0.1418439716, 0.5319148936, 0.0992907801, 0.0992907801, 0.0425531915], [0.3333333333, 0.0, 0.0, 0.3333333333, 0.0, 0.0, 0.3333333333], [0.0199243867, 0.0290311008, 0.1134475812, 0.6121091702, 0.0796285564, 0.112067776, 0.0337914287], [0.0258780037, 0.0536044362, 0.280961183, 0.5175600739, 0.0295748614, 0.0, 0.0924214418], [0.0208062419, 0.0253142609, 0.1127871695, 0.5946250542, 0.0827915041, 0.0919809276, 0.0716948418], [0.0152439024, 0.0174216028, 0.0932055749, 0.5265679443, 0.0762195122, 0.2103658537, 0.0609756098], [0.0188925081, 0.0205677059, 0.1141926477, 0.5911586785, 0.0656119125, 0.085248953, 0.1043275942], [0.0137311856, 0.0248217586, 0.1021917085, 0.5405334037, 0.0657512543, 0.2141536837, 0.0388170055], [0.0180756396, 0.0266963293, 0.1151279199, 0.5494994438, 0.0795328142, 0.1254171301, 0.085650723], [0.0163110416, 0.0187077661, 0.0940381479, 0.5322059852, 0.0536932858, 0.2290536267, 0.0559901468], [0.0, 0.0142857143, 0.0428571429, 0.7142857143, 0.0285714286, 0.1428571429, 0.0571428571], [0.0171791032, 0.0227733239, 0.1273456083, 0.5393797903, 0.0674830411, 0.1718791296, 0.0539600035], [0.0127836253, 0.0282259533, 0.1132315985, 0.4896383436, 0.0674873438, 0.2565830207, 0.0320501147], [0.0211453744, 0.0323788546, 0.1656387665, 0.5303964758, 0.0519823789, 0.1057268722, 0.0927312775], [0.0161290323, 0.0322580645, 0.1322580645, 0.5903225806, 0.0564516129, 0.0612903226, 0.1112903226], [0.0220788043, 0.0186820652, 0.0835597826, 0.5934103261, 0.0343070652, 0.1902173913, 0.0577445652], [0.0285220398, 0.0164217805, 0.0864304235, 0.5358686258, 0.0216076059, 0.231633535, 0.0795159896], [0.0218978102, 0.0206812652, 0.0839416058, 0.5535279805, 0.0316301703, 0.2080291971, 0.0802919708], [0.0099568536, 0.0220710256, 0.127281779, 0.5230667109, 0.0813143047, 0.1525058082, 0.0838035181], [0.0150883462, 0.0255443055, 0.1233538482, 0.5428495798, 0.0751770234, 0.1579643968, 0.0600225002], [0.0136867637, 0.0259009009, 0.1593035343, 0.4846673597, 0.0662681913, 0.2194213444, 0.0307519058], [0.008983717, 0.017967434, 0.1179112858, 0.4626614262, 0.0993823695, 0.0971364402, 0.1959573273], [0.0140801001, 0.0172090113, 0.1273466834, 0.5807259074, 0.0719649562, 0.0979349186, 0.090738423], [0.0183280344, 0.0190761174, 0.1146437255, 0.5374976622, 0.0501215635, 0.1765475968, 0.0837853002], [0.014375, 0.018125, 0.111875, 0.5659375, 0.0790625, 0.168125, 0.0425], [0.0152508769, 0.03965228, 0.1519749886, 0.4865029739, 0.0645112094, 0.1989476895, 0.0431599817], [0.0104039168, 0.0397796818, 0.1566707466, 0.464504284, 0.0544675643, 0.2019583843, 0.0722154223], [0.0187734668, 0.0525657071, 0.2002503129, 0.3579474343, 0.0525657071, 0.1251564456, 0.1927409262], [0.016985138, 0.0505307856, 0.1643312102, 0.4951167728, 0.0488322718, 0.1278131635, 0.0963906582], [0.0190954774, 0.0211055276, 0.1346733668, 0.5974874372, 0.067839196, 0.1190954774, 0.0407035176], [0.0228187919, 0.0234899329, 0.1315436242, 0.6570469799, 0.0543624161, 0.0912751678, 0.0194630872], [0.018637399, 0.0364464692, 0.178090702, 0.4976185546, 0.0565334438, 0.136053013, 0.0766204183], [0.0183306056, 0.0343698854, 0.1361702128, 0.4972176759, 0.0736497545, 0.1587561375, 0.0815057283], [0.0164188858, 0.0309181506, 0.1279611175, 0.5510129064, 0.0747426891, 0.1410717203, 0.0578745303], [0.0117965102, 0.0307200786, 0.1151388548, 0.5709019415, 0.0709019415, 0.1419267633, 0.0586139101], [0.01, 0.0235714286, 0.1178571429, 0.6064285714, 0.0821428571, 0.095, 0.065], [0.0202020202, 0.0303030303, 0.101010101, 0.6253443526, 0.0798898072, 0.1037649219, 0.0394857668], [0.0144243378, 0.0416994493, 0.1424075531, 0.554943614, 0.0348806714, 0.1487018096, 0.0629425649], [0.0136986301, 0.0263013699, 0.0997260274, 0.5117808219, 0.077260274, 0.1945205479, 0.0767123288], [0.0071706005, 0.0301762773, 0.1051688079, 0.4896922617, 0.0845533313, 0.2079474156, 0.0752913056], [0.0124911747, 0.0292727964, 0.1374572313, 0.5320154239, 0.0876554608, 0.1485906696, 0.0525172433], [0.0174174174, 0.0331254331, 0.1803649804, 0.4869022869, 0.0561792562, 0.1906675907, 0.0353430353], [0.0243445693, 0.0880149813, 0.3277153558, 0.4269662921, 0.0280898876, 0.0355805243, 0.0692883895], [0.0104973757, 0.039740065, 0.1902024494, 0.4133966508, 0.1892026993, 0.0847288178, 0.072231942], [0.0115136198, 0.0338388093, 0.1340915473, 0.4609660208, 0.1710193766, 0.1256669475, 0.0629036787], [0.0180688876, 0.0375494071, 0.1654432524, 0.5364201016, 0.1208356861, 0.0804630152, 0.0412196499], [0.0149962131, 0.0371118404, 0.1416309013, 0.4556425145, 0.1605655138, 0.1648573593, 0.0251956577], [0.0196124597, 0.0312433781, 0.0966496362, 0.4507334071, 0.1577237304, 0.1592541144, 0.0847832741], [0.0205073675, 0.0429895185, 0.1534254899, 0.5237733556, 0.14704542, 0.0688136108, 0.0434452377], [0.0171076189, 0.0324249055, 0.1354684703, 0.5293415556, 0.169683708, 0.0747961011, 0.0411776407], [0.0147753488, 0.0355651983, 0.1205371855, 0.5163407668, 0.1692024607, 0.0861254531, 0.0574535867], [0.0187225656, 0.029741109, 0.1589178536, 0.4883095942, 0.1560512407, 0.1024814118, 0.045776225], [0.0125786164, 0.0188679245, 0.1194968553, 0.4905660377, 0.1886792453, 0.0062893082, 0.1635220126], [0.012617644, 0.0310269935, 0.1401385872, 0.4931223498, 0.125452477, 0.1482056055, 0.049436343], [0.0133079848, 0.0114068441, 0.1768060837, 0.3764258555, 0.1463878327, 0.0152091255, 0.2604562738], [0.0095324557, 0.0429414435, 0.1499773037, 0.376123468, 0.1552428507, 0.1465274626, 0.1196550159], [0.0178571429, 0.0446428571, 0.1160714286, 0.5267857143, 0.1607142857, 0.0892857143, 0.0446428571], [0.0124677558, 0.0474450313, 0.1521618966, 0.4062154526, 0.1437169881, 0.1472177865, 0.0907750891], [0.0128479657, 0.051391863, 0.1370449679, 0.443254818, 0.1563169165, 0.0985010707, 0.1006423983], [0.0338983051, 0.0338983051, 0.1694915254, 0.3559322034, 0.1525423729, 0.0847457627, 0.1694915254], [0.0, 0.0, 0.2, 0.2, 0.0, 0.0, 0.6], [0.0107480653, 0.0351103468, 0.1173688736, 0.4726282602, 0.1450272284, 0.1610776727, 0.0580395529], [0.0147186147, 0.0450757576, 0.1608225108, 0.3890692641, 0.1433441558, 0.151461039, 0.095508658], [0.027027027, 0.1216216216, 0.2027027027, 0.3783783784, 0.1216216216, 0.1351351351, 0.0135135135], [0.0120102382, 0.0523725143, 0.1533766489, 0.4205552274, 0.1516046466, 0.1120299272, 0.0980507974], [0.0058139535, 0.0290697674, 0.134551495, 0.4343853821, 0.153654485, 0.092192691, 0.1503322259], [0.0060631403, 0.0223708969, 0.110390968, 0.4237925988, 0.1417520385, 0.2239180431, 0.0717123144], [0.0146815152, 0.0330237756, 0.1713228777, 0.4674193673, 0.1126738854, 0.1523640707, 0.0485145081], [0.01984381, 0.0334144156, 0.2504160799, 0.4423249264, 0.0970426322, 0.1040839841, 0.0528741518], [0.010189604, 0.0287630595, 0.1702566748, 0.4546627112, 0.1236940539, 0.1732232684, 0.0392106281], [0.0169023801, 0.0189720593, 0.1041738531, 0.4780958951, 0.1517764746, 0.1200413936, 0.1100379441]]